param poll_max = 15000;

param poll_num = 50;

set PPL := 1
2
3
4
5
6
7
8
9
10
11
12
13
14
15
16
17
18
19
20
21
22
23
24
25
26
27
28
29
30
31
32
33
34
35
36
37
38
39
40
41
42
43
44
45
46
47
48
49
50
51
52
53
54
55
56
57
58
59
60
61
62
63
64
65
66
67
68
69
70
71
72
73
74
75
76
77
78
79
80
81
82
83
84
85
86
87
88
89
90
91
92
93
94
95
96
97
98
99
100
101
102
103
104
105
106
107
108
109
110
111
112
113
114
115
116
117
118
119
120
121
122
123
124
125
126
127
128
129
130
131
132
133
134
135
136
137
138
139
140
141
142
143
144
145
146
147
148
149
150
151
152
153
154
155
156
157
158
159
160
161
162
163
164
165
166
167
168
169
170
171
172
173
174
175
176
177
178
179
180
181
182
183
184
185
186
187
188
189
190
191
192
193
194
195
196
197
198
199
200
201
202
203
204
205
206
207
208
209
210
211
212
213
214
215
216
217
218
219
220
221
222
223
224
225
226
227
228
229
230
231
232
233
234
235
236
237
238
239
240
241
242
243
244
245
246
247
248
249
250
251
252
253
254
255
256
257
258
259
260
261
262
263
264
265
266
267
268
269
270
271
272
273
274
275
276
277
278
279
280
281
282
283
284
285
286
287
288
289
290
291
292
293
294
295
296
297
298
299
300
301
302
303
304
305
306
307
308
309
310
311
312
313
314
315
316
317
318
319
320
321
322
323
324
325
326
327
328
329
330
331
332
333
334
335
336
337
338
339
340
341
342
343
344
345
346
347
348
349
350
351
352
353
354
355
356
357
358
359
360
361
362
363
364
365
366
367
368
369
370
371
372
373
374
375
376
377
378
379
380
381
382
383
384
385
386
387
388
389
390
391
392
393
394
395
396
397
398
399
400
401
402
403
404
405
406
407
408
409
410
411
412
413
414
415
416
417
418
419
420
421
422
423
424
425
426
427
428
429
430
431
432
433
434
435
436
437
438
439
440
441
442
443
444
445
446
447
448
449
450
451
452
453
454
455
456
457
458
459
460
461
462
463
464
465
466
467
468
469
470
471
472
473
474
475
476
477
478
479
480
481
482
483
484
485
486
487
488
489
490
491
492
493
494
495
496
497
498
499
500
501
502
503
504
505
506
507
508
509
510
511
512
513
514
515; # Possible Polling Locations
param:  lonp	latp :=
1	-105.020394	39.734841	
2	-105.013285	39.697129	
3	-105.034555	39.717906	
4	-105.051467	39.656551	
5	-104.981475	39.752499	
6	-104.986615	39.714975	
7	-104.998739	39.726918	
8	-104.952355	39.721037	
9	-104.982983	39.689277	
10	-104.958905	39.70175	
11	-104.964872	39.757288	
12	-104.767213	39.784856	
13	-105.025893	39.682542	
14	-104.87468	39.654643	
15	-104.839991	39.779611	
16	-104.932768	39.747552	
17	-104.922699	39.76403	
18	-105.029721	39.740129	
19	-104.900686	39.758846	
20	-104.904956	39.718677	
21	-105.045106	39.780391	
22	-104.937327	39.665204	
23	-104.962255	39.781817	
24	-104.9311	39.688861	
25	-105.033682	39.698518	
26	-105.025392	39.76279	
27	-104.903438	39.712804	
28	-104.941058	39.712394	
29	-105.023861	39.793053	
30	-104.911434	39.702037	
31	-105.052257	39.640341	
32	-104.893043	39.7595	
33	-104.962315	39.676626	
34	-104.977074	39.718332	
35	-104.909672	39.626013	
36	-104.919609	39.729668	
37	-104.868608	39.671218	
38	-104.886785	39.68493	
39	-104.892866	39.697362	
40	-104.930957	39.745737	
41	-104.829289	39.782505	
42	-105.060433	39.676145	
43	-104.915805	39.654851	
44	-104.997895	39.730298	
45	-104.996553	39.760189	
46	-104.912647	39.62564	
47	-104.983444	39.738597	
48	-105.041066	39.769863	
49	-105.013413	39.758604	
50	-105.027739	39.763933	
51	-105.054599	39.640327	
52	-104.975277	39.668327	
53	-104.892866	39.697362	
54	-105.036323	39.659699	
55	-104.935954	39.671614	
56	-105.046494	39.740206	
57	-105.03653	39.637954	
58	-105.036923	39.755531	
59	-104.912647	39.62564	
60	-104.927793	39.668213	
61	-104.941595	39.660923	
62	-105.006154	39.754472	
63	-105.012662	39.75825	
64	-105.022376	39.763464	
65	-104.938523	39.683478	
66	-105.036153	39.759086	
67	-105.03653	39.637954	
68	-105.022694	39.762702	
69	-105.022648	39.792957	
70	-104.896839	39.653692	
71	-104.97788	39.727584	
72	-104.980126	39.7339	
73	-104.962083	39.745257	
74	-104.872813	39.653946	
75	-104.953419	39.740328	
76	-104.90995	39.699826	
77	-105.015813	39.696513	
78	-105.006281	39.780868	
79	-104.980539	39.689153	
80	-105.016341	39.673086	
81	-104.998343	39.751579	
82	-104.905451	39.672162	
83	-104.951552	39.68629	
84	-104.944811	39.718787	
85	-104.959289	39.719578	
86	-104.901787	39.654374	
87	-105.028358	39.740647	
88	-104.973709	39.749824	
89	-104.874961	39.653968	
90	-105.046417	39.728668	
91	-104.962091	39.739044	
92	-105.035808	39.637069	
93	-104.932401	39.679959	
94	-104.986277	39.734312	
95	-104.948233	39.715725	
96	-104.927124	39.764191	
97	-104.911395	39.711831	
98	-105.028201	39.691781	
99	-104.97785	39.744989	
100	-104.914646	39.703095	
101	-104.922673	39.706805	
102	-104.976821	39.847685	
103	-105.035134	39.743244	
104	-105.023272	39.763443	
105	-104.935062	39.671601	
106	-104.904704	39.638304	
107	-105.026474	39.691788	
108	-104.936852	39.762144	
109	-104.93605	39.681687	
110	-104.969316	39.741028	
111	-104.978589	39.912298	
112	-104.981368	39.75391	
113	-105.032107	39.711393	
114	-104.964901	39.748368	
115	-104.970533	39.766416	
116	-104.970882	39.753078	
117	-105.051045	39.711484	
118	-105.067865	39.666904	
119	-105.052755	39.669052	
120	-104.936164	39.738126	
121	-105.040122	39.776572	
122	-104.943853	39.78745	
123	-105.080674	39.669419	
124	-105.034069	39.718395	
125	-104.983198	39.683672	
126	-105.033575	39.738394	
127	-104.930964	39.747252	
128	-105.030167	39.682672	
129	-104.911985	39.65369	
130	-105.040422	39.699766	
131	-104.939231	39.673098	
132	-104.958545	39.712068	
133	-104.980133	39.687356	
134	-104.969308	39.749192	
135	-104.9529	39.733422	
136	-104.935835	39.686779	
137	-104.982111	39.752607	
138	-104.947066	39.709503	
139	-104.984704	39.741675	
140	-104.984699	39.742655	
141	-105.011959	39.76202	
142	-104.943338	39.722688	
143	-104.94055	39.726824	
144	-104.894667	39.653822	
145	-105.052873	39.673879	
146	-104.969122	39.66809	
147	-104.929133	39.729796	
148	-105.038176	39.674454	
149	-104.980717	39.698211	
150	-105.044011	39.759408	
151	-104.980785	39.707342	
152	-104.915525	39.676942	
153	-105.043286	39.67535	
154	-104.960049	39.741496	
155	-105.026075	39.671858	
156	-104.93142	39.732941	
157	-104.967124	39.725441	
158	-104.95587	39.726908	
159	-104.965799	39.753893	
160	-104.912059	39.761211	
161	-104.912059	39.761211	
162	-104.97197	39.749747	
163	-104.793476	39.871661	
164	-104.940902	39.881477	
165	-104.846797	39.786253	
166	-105.036346	39.710608	
167	-104.972563	39.729196	
168	-104.943113	39.934084	
169	-104.979441	39.696311	
170	-105.031666	39.692794	
171	-105.042928	39.700775	
172	-104.959799	39.666814	
173	-104.97872	39.736732	
174	-104.914052	39.761997	
175	-104.924871	39.729048	
176	-105.029758	39.761007	
177	-104.940709	39.717641	
178	-104.974265	39.702284	
179	-104.96506	39.764747	
180	-105.034749	39.703197	
181	-104.970778	39.678081	
182	-104.996553	39.760189	
183	-105.02295	39.78353	
184	-104.989631	39.718104	
185	-104.983754	39.738013	
186	-104.976633	39.683612	
187	-105.024105	39.780169	
188	-104.993411	39.730257	
189	-105.013022	39.764779	
190	-104.927959	39.730716	
191	-104.899608	39.696534	
192	-104.958428	39.759349	
193	-105.017297	39.675501	
194	-104.919792	39.756828	
195	-104.952427	39.757108	
196	-104.922178	39.737834	
197	-104.929785	39.667865	
198	-104.985847	39.778478	
199	-104.892725	39.737445	
200	-104.928657	39.79089	
201	-105.033898	39.656387	
202	-105.032598	39.758794	
203	-105.030097	39.771786	
204	-105.038296	39.761504	
205	-104.964445	39.662696	
206	-104.922488	39.680833	
207	-105.045297	39.776166	
208	-104.987958	39.748113	
209	-104.956	39.694629	
210	-104.956094	39.76646	
211	-105.030353	39.711635	
212	-105.021094	39.697487	
213	-105.022945	39.671947	
214	-104.886911	39.748962	
215	-105.018287	39.696347	
216	-104.989782	39.674493	
217	-104.919822	39.764451	
218	-104.933354	39.687796	
219	-104.95977	39.689562	
220	-105.053901	39.667047	
221	-105.042481	39.775409	
222	-105.048955	39.710882	
223	-104.985473	39.685535	
224	-104.887628	39.729502	
225	-104.948573	39.762458	
226	-104.957579	39.739788	
227	-104.922953	39.722982	
228	-105.029807	39.750563	
229	-105.02951	39.776909	
230	-104.940499	39.744364	
231	-104.977436	39.731413	
232	-104.999518	39.77754	
233	-104.962917	39.753388	
234	-104.967032	39.765215	
235	-104.909513	39.735517	
236	-104.822891	39.792643	
237	-104.931911	39.74692	
238	-104.941901	39.675587	
239	-104.982528	39.72328	
240	-104.982357	39.709136	
241	-104.974899	39.758158	
242	-104.996553	39.760189	
243	-105.038252	39.712004	
244	-104.913196	39.720114	
245	-104.941512	39.768618	
246	-104.966394	39.759619	
247	-105.045331	39.757262	
248	-104.996553	39.760189	
249	-105.032598	39.758794	
250	-104.823713	39.792655	
251	-105.052628	39.677724	
252	-104.809714	39.779562	
253	-104.965949	39.763402	
254	-104.971991	39.740521	
255	-104.976922	39.754026	
256	-104.955473	39.784087	
257	-105.001039	39.767027	
258	-104.982365	39.675234	
259	-105.004279	39.766229	
260	-104.996553	39.760189	
261	-104.976102	39.730859	
262	-104.926976	39.765446	
263	-104.915162	39.754559	
264	-104.926952	39.74756	
265	-104.977539	39.748084	
266	-104.959424	39.756697	
267	-105.030208	39.727212	
268	-104.939953	39.673099	
269	-105.030075	39.710166	
270	-104.982959	39.760006	
271	-104.846797	39.786253	
272	-105.026526	39.758776	
273	-105.002037	39.742722	
274	-104.961145	39.750764	
275	-104.909215	39.737472	
276	-104.968175	39.703467	
277	-104.945915	39.765232	
278	-104.95485	39.675151	
279	-104.966931	39.765601	
280	-104.925258	39.688795	
281	-104.943983	39.758003	
282	-105.039323	39.733144	
283	-104.915224	39.763979	
284	-104.947387	39.773085	
285	-104.942887	39.761066	
286	-104.948929	39.725261	
287	-104.922287	39.760015	
288	-104.986395	39.716963	
289	-104.952415	39.763363	
290	-105.052337	39.656554	
291	-104.985373	39.748135	
292	-105.037825	39.702441	
293	-104.988887	39.721219	
294	-104.967659	39.738237	
295	-105.042255	39.721327	
296	-105.025286	39.774725	
297	-104.985542	39.710992	
298	-104.961145	39.750764	
299	-104.978573	39.737667	
300	-104.904489	39.736799	
301	-105.006592	39.763522	
302	-104.983589	39.741525	
303	-104.974921	39.741881	
304	-104.970013	39.761304	
305	-104.932837	39.749404	
306	-104.958767	39.695188	
307	-104.886911	39.748962	
308	-105.013296	39.759797	
309	-104.97648	39.76504	
310	-104.937848	39.672812	
311	-104.982608	39.78215	
312	-105.042652	39.667899	
313	-104.987263	39.744952	
314	-104.965698	39.74917	
315	-104.821004	39.782799	
316	-104.971953	39.767457	
317	-104.931702	39.762583	
318	-104.831189	39.784678	
319	-104.952071	39.679797	
320	-104.936065	39.666554	
321	-104.92963	39.659438	
322	-104.996553	39.760189	
323	-105.021584	39.692798	
324	-104.964639	39.695078	
325	-104.941271	39.663252	
326	-105.031958	39.729484	
327	-104.890008	39.707713	
328	-104.974904	39.75221	
329	-105.080674	39.669419	
330	-104.898757	39.741826	
331	-104.945851	39.688737	
332	-104.970778	39.678081	
333	-105.024099	39.703427	
334	-104.886486	39.728433	
335	-104.781434	39.785649	
336	-105.020099	39.761909	
337	-104.97592	39.682232	
338	-104.835511	39.794811	
339	-104.915162	39.754559	
340	-104.971961	39.674504	
341	-105.009831	39.773149	
342	-104.979443	39.70184	
343	-104.978134	39.787085	
344	-104.95995	39.662721	
345	-105.031666	39.692794	
346	-104.893368	39.625315	
347	-105.026075	39.671858	
348	-104.945581	39.741539	
349	-104.948113	39.692956	
350	-105.047724	39.711143	
351	-104.692394	39.837822	
352	-104.982177	39.740529	
353	-105.080831	39.663352	
354	-104.959149	39.663641	
355	-104.835161	39.79132	
356	-104.932803	39.76215	
357	-105.027943	39.711681	
358	-104.982467	39.73866	
359	-105.016012	39.689272	
360	-104.974105	39.668222	
361	-105.014635	39.836325	
362	-105.040505	39.711629	
363	-104.984703	39.746052	
364	-104.980984	39.726466	
365	-104.915084	39.760928	
366	-104.941004	39.698575	
367	-105.052697	39.672553	
368	-105.006603	39.766899	
369	-105.034971	39.738848	
370	-105.02986	39.740178	
371	-104.831662	39.795774	
372	-104.952432	39.758073	
373	-105.035249	39.665193	
374	-105.054431	39.676361	
375	-105.010621	39.708694	
376	-104.959474	39.766783	
377	-104.913256	39.768168	
378	-104.844111	39.792662	
379	-105.019791	39.686449	
380	-105.014287	39.761918	
381	-104.98231	39.779988	
382	-105.013449	39.761867	
383	-104.917701	39.750081	
384	-105.043586	39.711685	
385	-105.026526	39.758776	
386	-104.986078	39.754323	
387	-104.919668	39.706076	
388	-104.909215	39.737472	
389	-104.980905	39.780468	
390	-104.996378	39.725541	
391	-104.963217	39.690953	
392	-104.958975	39.690783	
393	-105.004719	39.709987	
394	-104.929619	39.774425	
395	-104.989642	39.719144	
396	-105.024346	39.683749	
397	-104.958677	39.676951	
398	-104.966007	39.709091	
399	-104.850204	39.782779	
400	-105.011071	39.772988	
401	-104.96545	39.763126	
402	-104.939904	39.747241	
403	-104.939452	39.764288	
404	-105.040323	39.737457	
405	-104.924268	39.6476	
406	-104.928257	39.730052	
407	-105.079731	39.667293	
408	-104.978034	39.752148	
409	-104.927186	39.74307	
410	-104.980602	39.756564	
411	-104.996553	39.760189	
412	-105.041522	39.763906	
413	-104.957694	39.767409	
414	-104.990666	39.743038	
415	-105.027365	39.761049	
416	-105.006583	39.776122	
417	-105.014491	39.782753	
418	-105.021607	39.735204	
419	-104.958573	39.756819	
420	-105.020635	39.758256	
421	-104.940814	39.757631	
422	-104.765899	39.775137	
423	-104.983877	39.683836	
424	-105.026121	39.71516	
425	-105.017701	39.75236	
426	-105.032633	39.722864	
427	-105.063998	39.652442	
428	-104.927068	39.730493	
429	-104.846575	39.795208	
430	-105.03796	39.678579	
431	-104.985366	39.714209	
432	-104.954733	39.763934	
433	-105.032702	39.710061	
434	-104.95116	39.773218	
435	-104.986545	39.788106	
436	-104.770145	39.821717	
437	-104.996524	39.723568	
438	-105.041619	39.724703	
439	-105.003899	39.898829	
440	-104.865641	39.768501	
441	-104.767106	39.785571	
442	-104.805954	39.792514	
443	-104.875053	39.760949	
444	-104.909638	39.770754	
445	-104.922146	39.764119	
446	-104.894586	39.729435	
447	-104.908619	39.686996	
448	-104.937677	39.659597	
449	-104.980598	39.674463	
450	-104.983637	39.6892	
451	-104.970481	39.702571	
452	-105.019793	39.685614	
453	-105.023016	39.671461	
454	-105.041889	39.678128	
455	-104.994206	39.715711	
456	-105.028653	39.722334	
457	-105.022988	39.736256	
458	-105.004154	39.734586	
459	-104.958518	39.740421	
460	-104.989973	39.751307	
461	-104.975556	39.754936	
462	-104.971007	39.76905	
463	-104.963632	39.783879	
464	-104.955543	39.785561	
465	-104.987413	39.789067	
466	-105.004325	39.777175	
467	-105.017765	39.75992	
468	-105.037987	39.758264	
469	-105.051423	39.781376	
470	-105.099366	39.62913	
471	-105.0942877	39.6274557	
472	-104.9890505	39.6291282	
473	-105.0488473	39.6383442	
474	-105.0255312	39.6419494	
475	-104.8854091	39.6497057	
476	-104.9943741	39.6507196	
477	-104.9125683	39.652185	
478	-104.9410958	39.6678189	
479	-105.0413291	39.6725004	
480	-104.9760531	39.6873547	
481	-104.9355087	39.6986645	
482	-105.0247206	39.701157	
483	-104.9691984	39.7072543	
484	-104.8854538	39.7077923	
485	-104.9207837	39.710872	
486	-104.9885107	39.7190901	
487	-105.0328884	39.7248119	
488	-104.9421814	39.73774	
489	-104.907814	39.7392127	
490	-104.9975333	39.7403945	
491	-104.9717131	39.7420734	
492	-105.0024744	39.748278	
493	-104.9928894	39.7509418	
494	-104.9777843	39.7533997	
495	-105.0255661	39.7545728	
496	-104.8961406	39.759848	
497	-104.9495541	39.7623726	
498	-105.013181	39.7695297	
499	-104.9676598	39.7785299	
500	-105.0436495	39.7785758	
501	-104.8409405	39.7805867	
502	-104.7547091	39.7831485	
503	-104.8811535	39.788991	
504	-104.7953834	39.7914315	
505	-104.7710885	39.8272604	
506	-104.690833	39.8315398	
507	-104.6824686	39.8513711	
508	-104.6460706	39.8574953	
509	-104.6904568	39.8762119	
510	-104.6687285	39.8819602	
511	-105.007511	39.748688	
512	-105.020108	39.743922	
513	-104.994137	39.754888	
514	-104.969952	39.779564	
515	-104.970129	39.78101;


set CB := 1
2
3
4
5
6
7
8
9
10
11
12
13
14
15
16
17
18
19
20
21
22
23
24
25
26
27
28
29
30
31
32
33
34
35
36
37
38
39
40
41
42
43
44
45
46
47
48
49
50
51
52
53
54
55
56
57
58
59
60
61
62
63
64
65
66
67
68
69
70
71
72
73
74
75
76
77
78
79
80
81
82
83
84
85
86
87
88
89
90
91
92
93
94
95
96
97
98
99
100
101
102
103
104
105
106
107
108
109
110
111
112
113
114
115
116
117
118
119
120
121
122
123
124
125
126
127
128
129
130
131
132
133
134
135
136
137
138
139
140
141
142
143
144;

param:	lonc	latc	pop :=
1	-105.0004582	39.75346397	4350	
2	-104.9931606	39.74512258	3648	
3	-104.9958419	39.73096678	3209	
4	-105.008628	39.73318586	2910	
5	-105.0082671	39.74582061	705	
6	-104.9911979	39.73537655	1577	
7	-105.0034358	39.70308671	3926	
8	-105.009858	39.69324602	5750	
9	-105.0128553	39.68592169	4070	
10	-104.9931026	39.68140617	2218	
11	-104.9867727	39.78060105	3687	
12	-104.9852714	39.76199273	7685	
13	-105.0321863	39.75252822	5424	
14	-105.0192282	39.75214372	2552	
15	-105.0461528	39.73943225	4166	
16	-105.0321801	39.74055552	5574	
17	-105.0210786	39.73580554	1448	
18	-105.0464626	39.71854267	5376	
19	-105.0323861	39.71839019	6111	
20	-105.0392345	39.77303259	5003	
21	-105.0462678	39.76393176	4036	
22	-105.0323052	39.76396773	4504	
23	-105.0395451	39.78027116	3109	
24	-105.011975	39.78753718	3874	
25	-105.0120537	39.78002473	3916	
26	-105.0182666	39.7729378	3209	
27	-105.0177197	39.76307612	5314	
28	-105.0458062	39.75093123	1814	
29	-105.0466751	39.73046038	5127	
30	-105.0320206	39.73046523	3631	
31	-105.0152234	39.71717313	3941	
32	-105.0047037	39.77292069	2601	
33	-105.0054828	39.76348897	3115	
34	-105.0181988	39.70410687	4972	
35	-104.9961986	39.71521011	4879	
36	-104.9665594	39.75635714	4831	
37	-104.9754578	39.74988936	1687	
38	-104.9801567	39.7533799	3338	
39	-104.9837286	39.74370946	3087	
40	-104.9771523	39.7433388	2736	
41	-104.9836461	39.73603672	4600	
42	-104.9801755	39.729655	5323	
43	-104.9764396	39.73603071	4785	
44	-104.9664837	39.74332533	3389	
45	-104.9688775	39.73459441	4970	
46	-104.9623218	39.73455754	3001	
47	-104.9659966	39.72229441	3001	
48	-104.9508282	39.72910958	3099	
49	-104.9668457	39.71180697	2420	
50	-104.9660581	39.69699529	4485	
51	-104.9574912	39.78252329	6401	
52	-104.9782127	39.72392222	2583	
53	-104.9841769	39.71773824	4213	
54	-104.9770609	39.71540711	4158	
55	-104.9839319	39.70382627	2602	
56	-104.9767277	39.70158426	3791	
57	-104.981058	39.68660837	5393	
58	-104.9805751	39.6731592	2553	
59	-104.9672195	39.68272957	3138	
60	-104.9660432	39.67031607	6237	
61	-104.966456	39.74871913	1455	
62	-104.9662016	39.76718553	4651	
63	-104.9501013	39.76741697	4337	
64	-104.9502492	39.75652083	3106	
65	-104.9501668	39.7456343	2907	
66	-104.9543657	39.73652315	4357	
67	-104.9450768	39.73611784	2779	
68	-104.9493533	39.71937478	5589	
69	-104.9504325	39.70498271	4172	
70	-104.9498224	39.69046212	3892	
71	-104.9311715	39.65991885	4121	
72	-104.9218839	39.6475883	1808	
73	-104.9504245	39.68143868	3002	
74	-104.9500407	39.67295239	4489	
75	-104.9318382	39.77572211	3648	
76	-104.9127344	39.77303815	4173	
77	-104.9314451	39.75652623	5093	
78	-104.9128483	39.75651452	4289	
79	-104.9129905	39.71854555	4807	
80	-104.8948154	39.74439652	4213	
81	-104.8940593	39.73651034	5978	
82	-104.8888726	39.71979889	7316	
83	-105.0458903	39.70056355	3974	
84	-105.0468197	39.70777633	3705	
85	-105.0324202	39.70760259	4357	
86	-105.0320479	39.70041405	3450	
87	-105.0461135	39.68947999	5415	
88	-105.0320537	39.68954802	7037	
89	-104.8705095	39.77691768	10138	
90	-104.8939381	39.77603398	3810	
91	-104.9314575	39.74559441	4481	
92	-104.9128785	39.74560052	4109	
93	-104.9355576	39.73288985	4469	
94	-104.926437	39.73293684	2467	
95	-104.9315982	39.71837818	4067	
96	-104.9129518	39.73285934	5456	
97	-105.031806	39.67493002	5327	
98	-105.0479957	39.67559237	6198	
99	-105.0480454	39.66058602	2858	
100	-104.917129	39.7025346	2586	
101	-104.9078213	39.69955277	6612	
102	-104.9269969	39.68755456	3368	
103	-104.935679	39.6847815	3111	
104	-104.9495492	39.66064159	3133	
105	-104.8888395	39.646262	5207	
106	-104.8948944	39.6598455	5865	
107	-104.910979	39.66005441	3108	
108	-104.870898	39.66808278	3871	
109	-104.8777976	39.65931621	4703	
110	-104.9146832	39.67379462	5808	
111	-104.8635271	39.65392404	4464	
112	-104.8975193	39.68479048	3096	
113	-104.8709265	39.70368953	3763	
114	-104.8934483	39.7024766	4168	
115	-104.8829297	39.70522827	4725	
116	-104.8415632	39.79394206	3637	
117	-104.8287264	39.79442434	3963	
118	-104.8384225	39.78573763	5451	
119	-104.9149708	39.68547696	3052	
120	-104.9359671	39.6738984	1206	
121	-105.0428982	39.6459356	1856	
122	-105.0407613	39.63327082	4644	
123	-104.9094017	39.63002165	2018	
124	-104.8949027	39.63055835	2184	
125	-104.9047035	39.64445843	6979	
126	-105.0750195	39.66507445	2194	
127	-105.0627244	39.64378005	2032	
128	-105.0709691	39.62587225	4995	
129	-105.0969344	39.63107134	6137	
130	-104.9262723	39.70401795	3832	
131	-105.0439106	39.78755596	3934	
132	-104.935714	39.69309409	3313	
133	-105.0131753	39.67242796	6498	
134	-105.034437	39.66143358	5535	
135	-104.6871793	39.8581409	1165	
136	-104.8565892	39.78663148	0	
137	-104.8301387	39.77691654	6825	
138	-104.8147712	39.79193784	4511	
139	-104.8201787	39.78405825	5961	
140	-104.7914237	39.7859603	6962	
141	-104.752652	39.79038416	7516	
142	-104.7628956	39.77662951	7703	
143	-104.7444679	39.77560865	7020	
144	-105.0615225	39.65945778	6695;	
